optima


linear
1/10
    0.2000    1.0000    0.2000    1.0000
    0.2000    1.0000    0.2000    1.0000
    0.2000    1.0000    0.2000    1.0000
    0.1000    0.2000         0    0.2000
         0    0.4000         0    0.1000

    0.1400    0.7200
    0.1200    0.6600
    0.13      0.69


1
         0    0.1000         0    0.1000
         0    0.1000         0    0.1000
         0    0.1000         0    0.1000
         0    0.1000         0    0.1000
         0    0.1000         0    0.1000

         0    0.1000
         0    0.1000
         0    0.1

2
10
         0    0.4000    0.1000    0.2000
         0    0.4000    0.1000    0.2000
    0.1000    0.5000    0.2000    0.7000
    0.3000    0.6000    0.4000    0.9000
    0.3000    0.6000    0.4000    0.8000

    0.1400    0.5000
    0.2400    0.5600
    0.19      0.53


parabolic
1/10
         0    0.5000         0    0.2000
    0.1000    0.2000         0    0.6000
         0    0.5000         0    0.2000
    0.1000    0.2000         0    0.6000
         0    0.5000         0    0.2000

    0.0400    0.3800
         0    0.3600
         0.02 0.37

1
         0    0.1000         0    0.1000
         0    0.1000         0    0.1000
         0    0.1000         0    0.1000
         0    0.1000         0    0.1000
         0    0.1000         0    0.1000

         0    0.1000
         0    0.1000
         0    0.1


10

         0    0.1000         0    0.4000
         0    0.1000         0    0.1000
         0    0.1000         0    0.1000
         0    0.1000         0    0.1000
         0    0.1000         0    0.1000

         0    0.1000
         0    0.1600
         0    0.13





sinusoidal
amp
100
         0    0.1000         0    0.5000
         0    0.2000         0    1.0000
         0    0.2000         0    1.0000
         0    0.1000         0    0.4000
         0    0.1000         0    0.5000

         0    0.1400
         0    0.6800
         0    0.41

40
         0    0.6000    0.4000    1.0000
         0    0.4000         0    1.0000
         0    0.4000         0    0.9000
         0    0.1000         0    0.2000
    0.1000    0.6000    0.5000    1.0000

    0.0200    0.4200
    0.1800    0.8200
    0.10      0.62

1
    0.2000    0.5000    0.5000    1.0000
    0.2000    0.5000    0.4000    1.0000
    0.1000    0.6000    0.3000    1.0000
         0    0.6000         0    1.0000
    0.1000    0.6000    0.3000    1.0000

    0.1200    0.5600
    0.3000    1.0000
    0.21      0.78


period
1/20
         0    0.7000         0    1.0000
    0.1000    0.9000    0.4000    1.0000
         0    0.8000    0.2000    0.9000
         0    0.7000         0    1.0000
         0    0.7000         0    1.0000

    0.0200    0.7600
    0.1200    0.9800
    0.07      0.87

1/10
         0    0.6000    0.4000    1.0000
         0    0.4000         0    1.0000
         0    0.4000         0    0.9000
         0    0.1000         0    0.2000
    0.1000    0.6000    0.5000    1.0000

    0.0200    0.4200
    0.1800    0.8200
    0.10      0.62

1/5
ops =

         0    0.2000         0    0.8000
         0    0.1000         0    0.1000
         0    0.1000         0    0.1000
         0    0.1000         0    0.3000
         0    0.1000         0    0.1000

         0    0.1200
         0    0.2800
         0    0.20

circular
0 0.1000         
0 0.1000

checkerboard
0 0.1000
0 0.1000
